[h1_hero.jpg]
filters=finetune2=1,0.672515,0.252632,0.022456,00000000,0.000000;
moddate=b98e4c01f386d901
width=1920
height=910
textactive=0
[h2_hero.jpg]
filters=finetune2=1,0.690058,0.151579,0.000000,00000000,0.000000;
moddate=43fd1a88f586d901
width=1920
height=600
textactive=0
[h2_hero.1.jpg]
filters=finetune2=1,0.093567,0.033684,0.112281,00000000,0.000000;
moddate=09cdec431187d901
width=2060
height=820
textactive=0
